4 0.328336 0.543544 0.047976 0.0750751
3 0.689655 0.261261 0.0569715 0.0780781
9 0.610195 0.237237 0.0569715 0.0810811
3 0.607196 0.237988 0.053973 0.0765766
8 0.327586 0.545045 0.0494753 0.0750751
0 0.745877 0.538288 0.0494753 0.0735736
1 0.527736 0.51952 0.041979 0.0720721
2 0.604198 0.525526 0.0509745 0.0660661
0 0.805847 0.546547 0.0524738 0.0720721
4 0.401049 0.545045 0.0464768 0.0750751
6 0.469265 0.530781 0.0509745 0.0765766
0 0.684408 0.53003 0.0554723 0.0750751
2 0.527736 0.217718 0.0629685 0.0870871
